007333 097 
007495 115 
007670 119 
007870 100 
008433 115 
008625 119 
009133 097 
009300 115 
009700 100 
009700 119 
010100 100 
010266 115 
010460 119 
010660 115 
010825 119 
011200 097 
011200 115 
011533 100 
011533 119 
011933 115 
011933 100 
012266 097 
012266 119 
013033 100 
013033 097 
013400 115 
013766 100 
014533 119 
014533 097 
015066 115 
015266 119 
016033 115 
016033 100 
016033 115 
016600 097 
016766 115 
017300 100 
018000 097 
018600 097 
018600 100 
019166 097 
019366 100 
019733 115 
020200 097 
020466 119 
021233 119 
021566 100 
021566 115 
022133 5
022500 5
023000 4
023000 5
023366 4
023366 6
024133 6
024133 3
024900 4
024900 3
025233 6
025633 4
026366 3
026366 5
026766 4
026933 6
028266 3
028633 3
029366 6
030099 5
030466 3
030466 4
031200 6
031400 5
031600 5
032000 3
032366 6
033066 4
033400 6
033800 5
034166 3
034600 6
034900 5
035633 5
036066 4
036766 5
037133 6
037833 119 
038233 115 
038966 097 
039333 119 
040066 100 
040466 119 
040833 115 
041200 119 
041933 097 
042300 119 
042700 097 
043033 100 
043433 100 
043800 100 
044200 115 
044933 097 
045266 115 
045633 119 
046066 100 
046400 115 
046800 119 
047166 097 
047466 100 
048233 115 
048633 097 
049000 100 
049366 115 
049700 119 
050133 115 
050833 097 
051566 097 
051966 100 
052300 6
052733 4
053100 6
053833 6
053833 5
055266 3
056033 4
056433 6
057100 5
057866 5
058633 6
059366 6
059733 3
060100 5
061200 4
061566 5
062300 5
062666 4
063400 3
063766 6
064533 5
064933 4
065666 4
065666 6
067133 4
067133 115
067133 6
067500 119
067500 5
067500 100
067500 3
068100 97
068100 4
068466 97
068466 4
068633 100
068633 3
069366 115
069366 6
069900 97
069900 4
070500 115
070500 6
070500 119
070500 5
071033 115
071033 6
071199 119
071199 5
071600 119
071600 5
072000 119
072000 5
072300 97
072300 4
072300 115
072300 6
073100 115
073100 6
073100 100
073100 3
073800 97
073800 4
073800 100
073800 3
074233 115
074233 6
074299 119
074299 5
075266 97
075266 4
075266 119
075266 5
076065 119
076065 5
076766 119
076766 5
076766 100
076766 3
077300 97
077300 4
077499 119
077499 5
078033 97
078033 4
078800 100
078800 3
078966 97
078966 4
079366 97
079366 4
079366 100
079366 3
079866 119
079866 5
080266 115
080266 6
081033 100
081033 3
081233 119
081233 5
081766 97
081766 4
081900 119
081900 5
082266 97
082266 4
082866 115
082866 6
083233 119
083233 5
083733 115
083733 6
084100 97
084100 4
084100 119
084100 5
084466 97
084466 4
084466 115
084466 6
085633 97
085633 4
085633 100
085633 3
086166 100
086166 3
087100 97
087100 4
087100 119
087100 5
087666 115
087666 6
087900 119
087900 5
088566 97
088566 4
088566 119
088566 5
088933 97
088933 4
089300 115
089300 6
089833 100
089833 3
090066 119
090066 5
090833 115
090833 6
091233 97
091233 4
091233 100
091233 3
091766 97
091766 4
092133 100
092133 3
092233 97
092233 4
093033 97
093033 4
093033 100
093033 3
093366 97
093366 4
093566 100
093566 3
093800 115
093800 6
094533 97
094533 4
094533 100
094533 3
095266 115
095266 6
095833 119
095833 5
096566 97
096566 4
096733 119
096733 5
097133 115
097133 6
097466 100
097466 3
097866 100
097866 3
098266 97
098266 4
098266 100
098266 3