004399 100
004399 3
005331 119
005331 5
006189 115
006189 6
007091 119
007091 5
007933 97
007933 4
008680 100
008680 3
009556 97
009556 4
010512 119
010512 5
011346 100
011346 3
012297 97
012297 4
013131 100
013131 3
013900 97
013900 4
014895 115
014895 6
015657 115
015657 6
016685 97
016685 4
017555 119
017555 5
018235 119
018235 5
019128 97
019128 4
019939 100
019939 3
020819 119
020819 5
021700 97
021700 4
022534 110
022534 3
023401 110
023401 3
024295 115
024295 6
025085 119
025085 5
025933 97
025933 4
026843 110
026843 3
027596 97
027596 4
028144 119
028144 5
028654 115
028654 6
029117 115
029117 6
030500 110
030500 3
031151 97
031151 4
032246 97
032246 4
032849 110
032849 3
033301 115
033301 6
033723 110
033723 3
034164 119
034164 5
034998 97
034998 4
035624 119
035624 5
036116 110
036116 3
036540 115
036540 6
037594 119
037594 5
037057 119
037057 5
038498 97
038498 4
039332 110
039332 3
039778 110
039778 3
040036 97
040036 4
041400 115
041400 6
041750 100
041750 3
042400 97
042400 4
043005 97
043005 4
043450 119
043450 5
044610 100
044610 3
044990 115
044990 6
045295 97
045295 4
045700 100
045700 3
046200 119
046200 5
046455 97
046455 4
047548 119
047548 5
047942 97
047942 4
048230 115
048230 6
048625 119
048625 5
049070 100
049070 3
049610 119
049610 5
050100 100
050100 3
050700 115
050700 6
051275 100
051275 3
051749 115
051749 6
052127 100
052127 3
052932 119
052932 5
053629 100
053629 3
053931 115
053931 6
054365 115
054365 6
054710 119
054710 5
055182 100
055182 3
055425 97
055425 4
055784 115 
055784 6
056260 097 
056260 4
056607 119
056607 5
057413 115
057413 6
058110 100
058110 3
058276 97
058276 4
058485 100
058485 3
058948 115
058948 6
059412 97
059412 4
059898 100
059898 3
060680 119
060680 5
061225 115
061225 6
061590 115
061590 6
062065 97
062065 4
062227 119
062227 5
062737 115
062737 6
063307 119
063307 5
063632 97
063632 4
064286 100
064286 3
064762 119
064762 5
065202 97
065202 4
065735 119
065735 5
065903 115
065903 6
066343 97
066343 4
066992 119
066992 5
067826 97
067826 4
068313 119
068313 5
068759 115
068759 6
069362 100
069362 3
069675 119
069675 5
070011 97
070011 4
070996 119
070996 5
071610 115
071610 6
072027 97
072027 4
072467 100
072467 3
072630 115
072630 6
072890 97
072890 4
073516 100
073516 3
073840 115
073840 6
074176 119
074176 5
074350 115
074350 6
074608 119
074608 5
075329 100
075329 3
076152 97
076152 4
076477 115
076477 6
076818 119
076818 5
077311 115
077311 6
