001813 119 
002786 115 
003585 097 
004399 100 
005331 119 
006189 115 
007091 119 
007933 097 
008680 100 
009556 097 
010512 119 
011346 100 
012297 097 
013131 100 
013900 097 
014895 115 
015657 115 
016685 097 
017555 119
018235 119
019128 097 
019939 100 
020819 6 
021700 04 
022534 3 
023401 3 
024295 5 
025085 6 
025933 04 
026843 3 
027596 04 
028144 6 
028654 5 
029117 5 
030500 3 
031151 04 
032246 04 
032849 3 
033301 5 
033723 3 
034164 6 
034581 5 
034998 04 
035346 6 
035624 6 
036116 3 
036540 5 
036991 04 
037594 6 
037057 6 
038498 04 
038915 04 
039332 3 
039778 3 
040195 119 
040036 097
041030 119 
041400 115 
041750 100 
042400 097 
042588 100 
043005 097 
043450 119 
044610 100 
044990 115 
045295 097 
045700 100 
046200 119 
046455 097 
047548 115 
047942 097 
048230 119 
048625 115 
049070 100 
049610 115 
050100 100 
050700 119 
051275 100 
051587 115 
051749 119 
052127 100 
052556 100 
052932 115 
053004 119 
053100 097 
053629 100 
053931 119 
054070 097 
054365 119 
054527 100 
054710 115 
055182 100 
055425 097 
055784 115 
056260 097 
056607 119 
056950 119 
057413 115 
058110 100 
058276 097 
058485 100 
058948 115 
059134 119 
059412 097 
059898 100 
060043 115 
060680 119 
061225 115 
061590 115 
061752 097 
062065 097 
062227 119 
062737 115 
063307 119 
063470 100 
063632 097 
064286 100 
064588 115 
064762 119 
065202 097 
065735 119 
065903 115 
066343 097 
066992 119 
067479 097 
067826 097 
068151 100 
068313 119 
068759 115 
068921 115 
069362 100 
069675 119 
070011 097 
070474 119 
070996 119 
071141 100 
071610 115 
072027 097 
072467 100 
072630 115 
072890 097 
073354 119 
073516 100 
073840 115 
074014 097 
074176 119 
074350 115 
074501 097 
074608 119 
075329 100 
075677 097 
076152 097 
076477 115 
076818 119 
077311 115 
077473 100
